              precision    recall  f1-score   support

           0       0.84      0.97      0.90    429371
           1       0.00      0.00      0.00       390
           2       0.00      0.00      0.00      1830
           3       0.05      0.00      0.01     25603
           4       0.08      0.03      0.04     38748
           5       0.00      0.00      0.00         2
           6       0.00      0.00      0.00         7
           7       0.00      0.00      0.00     18139

    accuracy                           0.81    514090
   macro avg       0.12      0.13      0.12    514090
weighted avg       0.71      0.81      0.75    514090
