              precision    recall  f1-score   support

           0       1.00      1.00      1.00    429380
           1       0.52      0.98      0.68       390
           2       1.00      1.00      1.00      1830
           3       1.00      1.00      1.00     25603
           4       1.00      1.00      1.00     38749
           5       1.00      1.00      1.00         2
           6       0.62      0.71      0.67         7
           7       0.99      1.00      0.99     18139

    accuracy                           1.00    514100
   macro avg       0.89      0.96      0.92    514100
weighted avg       1.00      1.00      1.00    514100
