              precision    recall  f1-score   support

           0       1.00      0.99      1.00    429380
           1       0.15      0.99      0.25       390
           2       1.00      1.00      1.00      1830
           3       1.00      1.00      1.00     25603
           4       0.99      1.00      1.00     38749
           5       1.00      1.00      1.00         2
           6       1.00      0.57      0.73         7
           7       0.99      1.00      0.99     18139

    accuracy                           0.99    514100
   macro avg       0.89      0.94      0.87    514100
weighted avg       1.00      0.99      1.00    514100
